1048
226
66
627
800
66216
-85
700
-155
1053
0.67
0.29
895
193024
-718
120205
1427
1.15
61760
1.75
1866
-374
511880
458
0.42
190820
431964
-201
0.42
0.58
1174
7.68
169320
29696
1359
588060
158175
862
1291
631
234520
810
270900
193248
-260
159768
1669
50
1537
622
129444
128150
990
1.11
384
22.2
2.07
842
1209
116840
727
219
1299
567
-809
22995
343672
45210
1.55
350396
2.98
1534
954
756
1026
-156
0.75
0.93
38704
27267
842082
18772
0.58
-641
415
164520
230888
22.86
262
-78
2.62
-116
158760
50400
152894
821
48
1133
16.41
224294
399960
174
67
92320
128205
7.97
1.44
160
1173
1405
169
-570
-6
1055
-538
54
0.55
130
849
240327
2.03
800394
1839
223
216
376516
-191
-501
130203
29680
1410
0.83
0.64
340521
429011
767
1344
120658
-178
0.52
0.59
1233
0.16
-680
456
-400
98490
2.9
3.81
1.88
1043
0.4
517000
54351
1729
1.24
0.26
-310
1.94
627
0.9
600
0.73
479360
175584
0.23
627
-502
-589
551286
347
0.91
602615
676018
1714
0.14
200658
318276
641
1152
1474
1003
5.11
2.01
0.69
664
95
47396
632
41328
199.75
-360
0.73
1325
80772
1403
0.01
93
0.15
1136
1240
0.67
37080
0.71
147334
1351
3.5
119296
-218
118910
295
680
1669
1760
381
9.66
330566
1081
1.63
199650
721
1.49
932
230
228096
-661
1315
1003
48
36270
-74
1.36
527516
0.54
5.91
1235
-228
576
-42
81939
-369
1564
59568
0.04
416
-270
39000
1165
0.05
0.2
1.98
907
1469
0.82
0.35
0.99
1146
0.61
1116
142722
-110
272
-745
1198
-847
796
-418
49833
1087
6633
1432
-410
2.08
-664
1231
14432
74
0.61
1283
245000
0.0
162274
-247
1449
630
181545
101676
722502
346
709
1175
1.74
599
141696
-462
503334
22
0.34
186
1.88
488
161499
1284
69872
318052
38640
-503
50.94
304
0.43
1.93
1.59
0.1
6.9
32.4
910656
327701
0.78
1014
379974
1389
-201
290390
1378
1.19
1717
495173
1061
0.05
348968
740936
-408
457847
500412
-598
629832
298
0.29
410
389364
320
-309
279
25709
221704
1.54
1040
1022
0.26
397
398
-510
991
1.2
115446
-456
421080
-393
610
1.39
14.0
163494
-16
237922
1761
0.62
-218
353
119368
397
-324
171
673
71416
949
163154
1.29
1191
575
83125
312
879
264
537
48125
-394
1.11
542
-661
0.87
4.0
524
622
1091
582
562955
182919
-168
441
3.95
163552
0.9
669
23652
1333
468
1.39
0.94
-151
2.15
147489
295
1142
146510
-194
-387
1155
8.26
60228
1.23
24
250
108875
677212
235
236
3.25
1854
-202
-886
404
0.42
458
0.01
0.2
636
367
-54
237000
-178
134
1.24
-419
1106
924
5.18
820620
310
0.93
1347
1.94
1525
-319
-154
3.37
1752
334
0.64
412184
1635
1.08
963
1807
1.11
190
68470
352
978
99440
818
1015
491310
0.42
2.32
1.69
1219
457
0.2
0.9
1.62
4.49
7
0.39
332
0.26
669
-741
603
577
805
173
787
-165
357686
1258
1579
0.71
-44
-119
61074
0.89
16206
1205
426
0.58
1.15
871
394
345544
72
1.27
-226
166630
2.89
1328
-518
818900
1598
884862
555120
-517
972
443290
385
0.1
-433
166675
132
1196
11016
431111
1772
69223
461265
0.14
0.98
-251
73
-389
952
535002
1244
18
398030
703
0.21
1566
297
-704
25564
0.85
-182
1.09
599724
571
5.26
965
803712
18792
1.31
205
311888
1.08
1422
0.88
-546
320625
1397
4.35
872
-837
212
413805
420
193121
-98
990
840
665738
163
321
0.94
1591
245916
1.15
505
-276
328692
2.33
1008
-99
-558
0.34
202462
686
466
784
830
700315
692
0.02
5232
0.45
1753
0.23
18096
0.27
592
637
108747
215
-58
-433
1231
499
-207
63
0.93
212364
757029
296
710
0.47
0.72
1.13
1.1
1.34
0.09
163994
1.07
1.3
0.8
0.84
1155
692
-139
1.26
1460
0.46
2.32
0.75
4.0
0.97
1089
772227
1586
0.6
3.41
1105
1022
40640
1460
1.08
0.71
995
527220
824
139
2.39
1229
1260
675
0.78
416620
1503
2.26
-220
777755
1368
-329
404
-493
273000
0.89
440589
1.54
1.68
0.13
583392
633567
1200
6874
-113
-61
598
848
354
699
554375
-301
-349
133
1519
-610
0.76
58650
154
1687
365
942
1.24
-172
763
1776
2.37
415467
-120
4.75
637
-474
17464
2.7
594
0.35
-507
1111
913
1141
1.15
-180
385
936
807
1.89
511927
393
726240
-279
1703
1435
1498
1196
168
110446
0.31
1489
-197
892
0.44
0.41
507
-60
1350
0.82
1434
42768
0.42
1428
1.29
1085
1041
939
723525
845
54273
377
76395
232584
549
-31
31122
2.47
-90
766915
576800
938
291
299959
654192
749
579
72150
-78
435240
-787
55
151085
0.34
1.34
0.32
276
436
745998
1129
843
8232
200
12
481120
869
575
222268
1006
1669
791765
0.52
356
0.61
607392
0.95
114
16874
-290
398
487
337004
330411
465
569910
134688
0
71645
0.89
1.71
439530
1278
1.44
161
368
-142
1083
468
239
1.15
1.3
-363
0.15
1.42
53
0.81
0.33
1020
1.44
538
5940
-347
73892
1.46
758
263712
3.54
1113
-492
813
74
1126
-274
3.56
0.53
85140
8.25
1.72
798930
1361
111150
611100
332
151866
305040
107
597
359
0.06
603840
44
141
600
1.66
1267
1451
424268
0.76
551133
70060
566154
490
260145
1046
2.15
1372
1476
1.17
394
1938
1262
-171
-386
0.38
-754
36593
284
-544
2.18
-591
549
-101
0.41
1552
479
557
86
334851
-124
0.28
-173
18.67
750
113847
114114
69
116
985
30366
2.41
12720
78763
836
68103
843
1244
1166
1.27
1.21
7.51
3.01
0.59
225
-231
88908
1.24
2.0
21.0
275
548885
386
0.61
0.98
370440
39897
517
163
1366
633456
4.35
4.93
953
0.82
1355
831
282
656
1166
1402
1255
0.55
433
176528
930
306812
367647
127
1063
0.25
211680
16632
161821
1.32
167
998
1005
1.93
456570
766
798
0.22
0.85
557
32
1.01
473
1.82
1.5
688864
360
942
898
1853
0.82
0.16
336
47674
0.17
808
3.24
964
120435
1110
70
266960
702
1491
0.04
-91
1517
20.55
-563
121109
447984
8.28
0.72
0.46
119000
127
6.92
1476
1517
6.66
698
129472
-513
0.79
1.22
951
1071
0.42
94518
1721
0.22
1076
3.06
29601
1091
4.75
502516
0.55
-350
183
1.49
663
61919
3.05
549
1839
0.8
43068
1.02
1024
706
150360
1778
156372
99681
1485
-690
581
2.06
0.13
63145
614055
692510
390
-74
829
-332
-677
435319
1308
576359
394
364
936
0.66
514
807570
552
463766
0.12
996
427230
0.6
4.53
-218
2.8
0.21
1.94
6.37
-518
1107
117
418608
0.21
435512
85
0.98
789
-342
97342
793
-25
882
3.21
0.78
186214
3.82
1032
-358
33048
373748
471
-120
1.47
217888
428
6.3
288840
659
906
321642
681
261
-455
0.01
0.84
-354
594
-268
0.73
240108
429
3.92
221328
104784
-202
343
1092
339096
1374
-130
-140
420560
0.25
544635
719616
1115
-47
-45
216056
629
0.1
235900
776
128
-146
1181
-331
1.19
1290
195
701790
2.88
513336
335
1.05
2.74
-32
-202
9234
-218
1046
367
362340
0.95
1.03
89
5803
-424
391
966
1.2
1.06
564
684
8388
65
288
77
749
1543
1257
702866
775384
1.5
749000
1323
-96
-2
1600
0.59
655
0.0
5698
149
702
488
-65
377937
1.59
648524
725400
-80
381866
20
-632
1901
0.78
294210
137
1003
338
-387
239760
1522
-442
85120
54168
316410
1370
959
930
1377
-798
1.14
416304
636
27032
-244
657
3.29
0.62
0.53
0.01
-91
-510
469245
492
1210
1141
1435
0.39
544
521
4350
83144
0.22
68036
24354
1.87
264656
633440
23900
1.89
24.92
935
101270
2.33
501
0.6
141
1146
-165
1014
1302
-777
1401
1694
1224
963
147
0.27
231
0.9
776
9.67
39.04
0.2
402456
-81
123444
-271
1075
-799
272220
0.45
52
794
-561
423
0.18
1366
368
0.33
26815
2.66
114
562
-294
882
316
1630
0.84
10496
1453
0.11
963
980
0.97
56
542
1223
-102
466
1367
146
0.15
889
1489
590
0.76
-320
0.62
515112
793
0.25
0.27
-225
152944
667
1724
1091
1073
0.94
359
0.73
86070
1842
-516
2.13
287
0.24
2.78
-85
338768
1134
203
-164
724360
607
-199
92
109000
-683
719
160000
1.31
-733
597
785764
2.23
679970
-7
-331
921
1394
615
581196
88638
539
0.12
209
862
-280
240
-116
23534
571644
10.36
507
-94
740544
-233
234548
760
257
467
1730
-894
583
102060
327940
1.37
2.2
1.42
0.86
23.0
417
722
59631
1795
822
13.32
848
1.17
116125
0.05
593
0.59
1319
1331
549
219950
-893
553
328313
-718
4.48
10.16
1613
-131
-442
1081
1047
707
913
909
0.94
0.97
-98
684
839372
429755
616
-274
-178
1246
0.13
286744
0.64
759
212
549
21840
191760
9.12
1.06
18848
657640
1387
268392
615
1.13
272
915
1209
-442
-83
272483
47.4
663
342161
956
427
553
0.98
34930
767062
1.35
77695
274
1.29
245
1886
39804
76
1348
-91
4.28
2.91
38592
4.45
555
1148
249
206736
1739
65
118372
1515
740
1182
1139
799
60198
929
94
-578
46
1305
63580
479
835
553518
257
0.03
32477
-544
0.37
729
0.5
260
0.26
11271
282755
21
1795
3.6
78520
2.35
41030
155
347
784
465552
92880
134
0.2
-59
514
703098
7378
155652
0.86
1.79
1479
1.98
684
-25
218250
100
1348
1108
1.44
227484
248
0.12
36089
-356
1.33
12.64
1.48
0.32
1359
1559
783
-44
-645
1.45
24.3
232
-278
227268
1.33
-48
0.31
0.01
1.5
190000
74
-365
0.2
27.57
945736
531480
1044
440
103
1875
1522
7.55
325
69685
1162
1727
803988
-619
3366
225
1089
205
46
0.58
2.07
-560
629
3.38
0.12
44903
1279
0.06
6.11
0.23
4.92
281088
-161
-221
-396
136427
456
49
1231
287
-539
0.87
1441
345648
1328
47115
0.47
1320
0.69
316932
428
0.21
488592
477
1422
957
70929
-492
1165
1.23
2.53
301618
338
499802
149400
155556
6.23
271
0.1
1224
185
0.4
1.7
-268
1058
4.38
114729
139057
211302
562
1097
2.92
1454
1019
-68
1.76
985
0.86
0.23
764
-327
73
214
0.04
3.67
-372
58307
-254
-127
0.62
1486
1004
792
532
514
2.07
4.61
1231
310830
0.73
1754
430248
232
1113
1132
5.11
573
588
-341
1583
689
-14
421258
763
1559
376
0.16
922
-36
871
468034
1.97
799594
3.32
0.69
-751
942
27468
1072
445
151
784322
-379
442525
901
447
604
140
-809
282
-480
991
334
429
0.45
0.94
675
1.08
2.64
757
-3
610
1.1
0.29
554433
415616
0.85
0.84
10146
0.19
378585
1.39
132675
507
1413
333615
0.52
384
81.0
855184
154349
12615
-307
514560
3.39
698
92260
-228
7667
779
-14
1368
0.56
-53
-579
104192
163400
813
974
565
0.57
0.97
717
437
700
1723
216558
1333
151
1127
1197
1140
30989
763
898722
369
637
695688
19623
330
28
208320
1562
1231
9576
1043
83284
0.04
633
1084
2.49
1091
1771
28
369
0.26
117
675378
1462
190
-226
960
262
1485
1499
0.97
1336
1481
496272
86.67
1268
2.8
395600
0.49
708
1131
128436
1.96
-546
54692
607
0.93
1341
246
329
131
1370
1464
0.33
1059
4.06
46371
0.94
25376
1636
1210
1.06
2.19
573
-330
0.78
133200
1433
214038
0.14
1034
-2
299
512
0.4
759
0.29
837148
661
1716
-185
878
-729
950
8000
0.42
868230
198555
21607
0.82
529
745
1.41
3948
1170
-634
0.55
0.09
224
1142
690
2.45
-213
595725
0.96
281455
3.31
132468
-264
0.27
13
1772
302744
11220
8.27
206544
0.97
276710
1133
617
1349
995
0.74
-661
3.7
234740
0.9
0.7
46662
0.87
1530
895
2.33
0.95
-155
0.92
989
166
1686
-308
0.12
1492
250
1.1
1214
318
444136
-67
235
679
89744
1945
1.73
1340
220129
-284
642
0.74
242968
503217
1572
567
0.38
-146
312
1152
0.72
0.06
503
1160
388220
-638
-612
43859
-264
130
0.86
1026
50
750177
1314
130650
1723
1.95
865080
325
-188
111
190775
970
1.2
109611
24
1415
979
0.11
61
1.94
368
250
1386
1145
317350
558
167
1.89
1.19
509
1969
299144
1262
36432
3.7
0.68
513
-510
193
670016
73575
643
54375
270.33
864
1100
1282
1.57
151704
-318
1507
-139
322728
95
1257
116090
579696
994
0.38
696
-254
88305
0.55
304
0.55
1.0
1.5
3.36
1202
-568
342
108
1252
815
-456
-611
1029
1017
512192
132
682
945
491
0.91
1003
18.17
461320
440
611
-82
303075
707
627480
3.27
1626
1.75
836
144
429
70
2.73
929
17150
488950
1222
1050
1.0
1.05
449970
1596
96248
-261
297
0.44
1.31
249240
-277
709
1477
0.35
1.45
-157
251868
519
-41
2.56
1661
1203
2.87
3.13
51.8
823
-358
1633
0.57
0.37
67
433
-453
4901
-154
1531
1219
2.14
5328
35739
-127
1139
507015
94380
79500
1617
1009
120960
788
1291
1315
1467
376552
9.18
208
-330
2.42
0.32
101202
1360
651
1746
356118
0.46
418
22078
-212
53820
245220
0.95
164706
0.98
0.73
267534
-201
0.18
-34
-737
345504
-212
512994
1.95
526
3.28
-446
0.88
628
197425
1.16
586504
934
1.66
409
0.06
536386
471
374
1339
194579
-530
824
1186
608
956
-395
225610
1.41
41820
126445
261944
371
192
1.15
-749
180044
655
54808
0.39
2.4
-62
-36
-429
432540
-421
0.79
596
961
0.66
0.74
583070
125965
-581
1.29
249850
1147
12144
482
8.94
0.38
391
1865
0.55
396
0.0
24.95
350
1004
657
655
-316
575
8.68
1.92
962
1039
4092
0.66
489
-10
10944
1.06
115805
-69
48
965
-536
-317
347786
-567
1148
1509
677185
152904
1266
429
6
186
35084
804
279930
970
-301
1.41
2.46
-366
1264
171
0.12
22944
1025
953
330372
-282
1153
991
7680
324
1219
1.03
-518
0.09
6.04
0.53
214
232
-397
1.03
4.01
957456
-334
75
231
1.02
980
44472
-940
1061
-83
931
1.03
372136
175
192516
-48
1.37
240130
823
289520
-18
113100
-336
385530
523
96
340
8970
14933
292
790
-631
-489
1662
427142
143
1176
93272
0.03
-161
1011
265032
72372
850
-666
-471
548
-617
614
-265
150080
1224
1244
3.12
22932
411730
249
1002
1081
1453
0.97
1175
1035
0.2
0.49
27456
1.9
124500
0.14
219
326
304
40880
0.27
1430
574
0.05
163
-781
115
240
1813
137
435124
0.74
356832
882618
1563
-658
582
0.75
35360
34293
818
932
-184
937
1181
-448
436
1272
-694
3.85
68320
1738
356
903
817
404
1496
0.18
251226
1128
333108
1.07
1604
49530
0.79
289254
93016
236700
1.16
1.2
1349
5.38
1.29
-550
-841
239720
759
-69
1038
99814
781296
60060
113486
-647
629
812
767
1329
-352
1578
209475
178536
456210
1.33
955
607
0.41
1.81
28320
48222
1239
1.55
519
672
494172
890
-327
-407
0.27
1009
254098
135464
-371
0.09
585858
-125
613
1.54
177289
828668
900
-192
1347
248310
1014
-400
323
877
987
195723
-426
-867
1.49
0.13
1669
4.77
-137
313
2.68
240
0.33
0.79
41
81270
338
202.5
7
295
44528
555
1379
17222
1393
12
207932
1.0
1007
24168
533520
549900
59982
181888
0.99
536844
422604
-589
652
1.44
303408
611
1.21
588411
-632
-193
0.9
1793
735
1.21
473849
0.4
-313
242939
40640
1.79
-541
0.44
332795
86376
503
30.06
985
164800
1.33
1778
2.07
510066
7.6
93886
1153
747
536238
0.71
0.54
-106
968
1528
0.55
586
1.37
-255
351120
-100
213840
754
14.11
0.38
1205
61
5005
1686
791
326556
1248
1.5
921
46208
1209
925
1349
0.07
0.49
113256
7.42
1428
246
1274
34668
1039
406776
0.86
321175
651
272180
-499
304
234
827316
361152
0.66
-393
1.55
278
4424
654
239003
93990
0.25
1649
5187
751
1823
1.26
1.48
292
441792
289
-206
0.65
191
8.8
457
87019
192
47360
-198
213760
289478
138624
205109
1.75
778
1337
0.38
19221
298998
325584
1455
1174
-618
5.36
247867
0.17
883
-354
308520
-418
1.23
-106
0.53
-628
-94
354
243100
4.89
1.72
171549
13978
13805
551056
144900
784
46930
-602
1.67
-474
-312
1678
0.35
362
1150
0.59
1.38
0.58
-137
884
415
183992
0.3
4.85
-632
1.0
756
35360
107364
604
474
505
1018
-252
0.9
0.43
0.0
-90
1140
495
23782
0.75
622028
397
301864
1689
1274
769
-649
0.47
133
0.35
1003
19.59
1256
399156
637
841596
249156
214
-552
982
-90
462
317
6000
22.73
151
1182
327375
153546
1589
0.3
278120
-781
0.27
0.01
164049
166075
195
470
104
245
974
328198
-563
1308
-373
397
625197
0.88
875158
217800
3.47
-183
-593
363
384020
414
126278
1496
0.59
359
531
1514
30096
255936
1206
704463
816788
-552
-16
288
1590
0.3
-142
915
1150
43285
1.83
1.57
1483
0.47
1.86
0.62
0.34
-868
361
129924
349
1168
2.17
1.07
16.93
301
29322
242284
3.04
8866
714
224
416000
406080
472
1180
59748
870
0
1329
0.33
406
0.86
0.48
2.02
997
1.05
593
1.22
1.16
596
128
-203
6.74
31080
79680
4.8
19722
0.54
1517
3.63
661
-728
40086
0.76
804
255468
1715
-56
109783
0.24
760
1.53
1688
834
1.64
886
1099
805
1063
203
1281
527956
561
770
440
284
416080
91
370185
-234
1254
28080
170323
1.54
1742
8.07
845460
0.64
1.32
3542
0.61
205424
0.31
-582
306581
352
1408
15812
1.29
2.34
512
111875
0.04
539699
183150
833
27876
3.29
263808
130
-492
353
-113
1656
1561
-256
3.08
2.49
616818
662305
1019
1364
0.04
813954
184800
144978
-286
314272
-20
54502
1.2
303688
571280
218
0.85
-727
-503
2.05
198
7.59
122880
754
-184
364446
56055
-152
0.86
144
389
1.55
612540
1098
662376
-319
1.91
0.61
1.36
1.05
-107
0.04
51
0.55
1299
6727
1288
161796
794
759825
0.61
0.33
1015
459000
606
0.8
79893
4959
-316
11.4
1030
0.08
4.61
5.27
1545
0.88
1894
0.09
1454
1.87
-25
-317
1005
1468
425340
407
1238
475
1.31
454720
-18
511
239
1046
1542
16.54
62952
482904
0.59
783730
746
329329
-623
76032
-472
819
815
622
-463
963
13832
569
0.02
308823
2.3
-293
1591
0.59
764198
0.34
85
0.21
-568
207350
79980
5.26
0.69
3.42
0.34
16280
0.79
14.74
1074
0.68
220077
20.25
257024
0.79
1.73
0.27
-659
50496
253178
1.19
-86
973
0.43
2.02
159000
897
779
1859
0.19
66795
-61
1.68
2.75
273168
4.91
0.1
-111
307
0.94
625
3.33
-235
233280
0.19
0.68
0.77
673
346210
1042
283
444
0.42
752220
127182
856
383
137970
0.7
1250
655744
217189
-226
285
644
22140
550
536
413
392
0.13
607
0.81
525
922
16704
685
79712
1.73
1.87
2.24
161
718
473
0.83
203
1138
509776
-399
537
217404
739
192570
508835
-387
-695
618
1314
332304
0.08
0.41
77670
-113
669
2.66
210160
0.38
460
-303
-316
301320
0.14
116156
-234
1295
898
249824
182
-106
-390
308381
766846
0.49
218948
52233
1662
28420
151
2.67
-278
261208
381892
420
0.31
-119
510
-1
129
755
212
380771
95
0.21
602
2815
147275
594750
1403
0.23
403
903560
1392
1437
0.03
806004
203
996
0.04
92736
0.38
-346
7392
61628
1309
612
1824
400
-808
370856
687
461472
0.93
-240
0.58
1420
1.02
1371
1395
148
744
967
330
51
-574
596310
1079
3.54
1012
362
446941
-114
-92
1342
0.72
11.22
0.18
2.51
238
711
206172
0.52
772
1130
530
622804
-438
1.68
866592
93288
2.85
-490
-280
1.12
241978
0.22
1.14
1.16
-611
40
89964
1.53
249
553
1335
0.13
212880
1729
113135
1.08
0.52
156
235710
-645
0.06
840
198682
-129
0.34
16218
0.61
501
340615
2.91
0.95
0.41
605
488334
1322
700015
0.11
0.47
1108
85432
-45
1461
-826
619100
77958
5
770
1.93
534
298
62792
-359
479
72500
65
-179
62648
1134
-158
-55
3.69
329
538
-114
1483
1.39
-182
71
1167
114552
4.52
11115
1149
106
197729
742
289575
506875
-139
-432
338
635
163553
712
182336
0.26
350592
1546
414975
1430
873
703
981
811
-291
825
207
0.05
1160
451
1050
6.26
283752
-557
50266
685
0.53
2697
-351
324
830
101
-260
921
919
147412
22815
545
146663
-408
0.86
-39
0.6
409
248625
0.09
-476
1.41
831633
1850
-349
1.47
1243
558732
972180
1429
75
10788
85078
893
62453
0.36
1380
799
96119
5336
868
0.48
1289
1655
1388
0.48
646000
119210
243540
-594
1053
318047
-138
1832
-42
759
543338
2.08
121
1841
333270
0.4
1.79
892080
772
8.75
298552
1.44
0.49
472227
-470
100.0
887436
1833
0.25
-480
719
178
871
-421
443
0.31
13.77
-195
0.32
656
87135
1.94
538
1.24
182299
-366
0.34
0.5
1.86
1360
1.36
-179
331
726
127904
342
214292
1096
1.33
1.3
572
-97
52116
-325
277704
-600
241
1251
-59
-255
-357
-217
471
1196
916
609
669
-158
759
547196
202176
0.73
0.67
1087
1423
1075
-855
-592
4.56
409860
531664
920
87685
-366
0.37
154998
1121
-229
1.15
2.9
2.26
-325
0.78
102817
486
360801
1197
197
-100
590
214452
365760
-194
1597
-581
679
0.89
497
1304
1256
1569
1556
847584
58588
0.95
-107
203
204
189
564
0.63
236160
-281
78
25500
1053
150766
0.78
324174
856
1.28
1338
832
218773
764712
-702
468666
673
290637
379
528
13184
86598
1332
442
591595
486465
8.57
0.27
669264
939
240
1643
1.53
965
1722
0.52
-188
639
1.78
65
1.64
11.89
0.52
1112
13706
-89
0.12
27888
-20
272
1057
0.57
222084
199
219675
-142
-15
0.84
1.88
1716
345
139932
1011
883
1.57
0.72
-328
781
385
226
1.17
2.03
631
3.27
259440
155393
410
1.05
359394
952
0.09
989
263
140
115600
1.42
-621
714
0.13
20.23
-183
172935
98102
1.04
64
1.16
885
-711
1.92
3.13
216
0.29
422964
9.83
0.68
9.1
36449
309852
-630
915
-795
428
944
1000
340795
303
1227
371085
789
-91
29
237
46971
65860
303
721
-175
548
-672
-317
0.58
-574
1.83
43263
106
1505
18480
0.5
140
502
50
126558
0.15
895
-60
1577
60344
430
157170
0.49
928
1.28
336173
0.76
638
787455
15176
660
2.88
115
2448
1.29
-811
1.91
271
-931
0.06
27136
856193
2.71
786213
347
191
1232
564
1033
1.3
244
0.98
1641
187395
479544
1518
1288
178
502
823
975
65
1.13
50
62667
-128
27
0.86
0.72
-418
1.62
-146
611
1.52
887000
30
185614
457650
-676
-603
429
567
1.64
118260
217770
0.21
1223
793256
962
0.69
536
1326
494722
37750
295020
1050
1.42
365288
514
785330
-833
-651
2.04
430
61152
566
189
154566
-188
0.11
996
1.23
40140
451
0.26
125034
175446
785
591
465
976
1344
420525
188496
-11
1352
-545
-191
1080
631218
1264
1426
123235
0.73
0.88
291713
110
919
34018
1.77
1543
657
730
332
1.48
112649
-849
-199
-137
836
96511
802
454950
4.0
62720
0.28
674856
25
169
737481
50
275
218735
3.04
0.03
935550
144088
70200
1296
22474
1.58
-424
109824
1331
573
1338
0.88
614600
1242
0.09
287
388
-133
-92
0.67
28798
1.22
0.79
95.5
377808
340
957
788
-232
882
949
840400
1332
1.33
581
1953
1077
-1
1113
216
1191
-253
343
-480
114737
-343
0.32
-616
932
0.05
1.08
705
397488
-355
934
-102
811
913
-153
-58
1010
1502
620
0.82
1047
1.51
0.5
689472
366
191
30622
499
-777
871
890
656
0.71
631
-286
803
7.05
193700
0.68
223173
-204
-212
1.1
0.68
292
0.24
0.97
610
46487
115
1163
74448
434
12
290
0.52
1250
1787
990
1462
471
1299
-17
-7
592
-632
1321
80343
449704
1129
341700
1645
0.38
1649
912
-374
8512
58
453
148944
436
-168
304658
1433
742
646
74
53867
669
49.59
322620
858
686
2.58
1724
1.39
310184
981
1217
754
264306
-87
0.55
0.71
2.05
1109
254
11
-42
-160
-174
55296
58016
97970
1508
1004
1329
2.47
464
130380
0.69
375
187663
-636
0.5
-312
-101
442000
348
733
328
2.95
-719
-501
1259
931
-93
-524
0.38
167072
163
3.01
14592
0.22
416412
-386
2.1
-23
-14
0.92
6755
-78
328
0.85
-255
163314
43416
387
-72
768
347
-102
-366
423
0.98
1718
-293
67
1306
1.2
-295
346
0.11
1.6
324
-519
-492
141450
1336
6.64
1319
687
208
151
0.97
1.34
-449
542794
1.04
256122
586348
3780
1.18
484220
965
-365
504
0.68
5.23
198968
159395
17228
1391
-385
6.02
325
587529
133
1111
373214
533
460
455
247
-215
363090
1105
-216
1086
-212
0.83
221
0.15
-416
3.18
478
619
837161
846
524
-418
742
0.01
537
1495
868
941
1.42
-639
57
106641
293
678
126378
1221
420
854
0.96
1.58
461416
1389
1162
1638
0.85
1.04
88314
473480
113348
620
1329
40040
2.59
2.01
0.29
0.57
-687
379864
545
915
1651
835461
907
0.56
1235
130
615979
406
0.48
914
61178
2.8
378972
-510
440249
1098
1.69
589870
10
1289
51.59
912
1.73
38304
3.82
-692
3.24
130784
32856
0.23
296073
1478
1554
1.67
-146
724383
339
-451
-772
897
357
0.2
1564
1237
0.33
505
104636
1.12
1.54
0.36
0.42
408
825
427
350
454
129228
0.19
63018
354
70479
189
0.17
361
183
170
834
-390
826731
0.74
388
670
299
1618
22.94
1062
191744
1575
-775
1.2
24705
0.61
1569
1.4
303696
-255
437
748
576
1155
1.33
112
4.33
881
-509
496692
321090
-551
1.47
164
0.56
510099
570
7.79
794
-128
1.65
0.53
-67
1824
194464
133665
1267
342090
-535
1104
203385
1308
1392
1042
-744
612
-794
527496
475138
521664
977
-332
254760
1310
3.0
513
1132
3.0
1.43
-36
1177
967
453
867
324348
9
1413
264872
0.37
67312
-479
1.3
421
-550
0.61
0.24
5768
12
497
1563
247536
0.48
414276
602667
507
518
756216
322700
1292
726
-24
689
1.2
1743
2613
-183
0.13
-138
1105
0.13
449
496341
0.52
684161
1.66
5.87
2800
2.49
0.52
2.06
7.57
1240
215
1650
88000
1400
271924
1.14
1173
0.66
837
136680
2400
96
178130
543904
855
41
772
76680
241
399364
-126
3.42
-81
0.49
1.05
326690
606
887168
1276
1030
0.77
876
-399
739
1.65
330
-689
344520
293750
115
382588
401
2.39
0.32
-828
8190
-349
448942
1013
306856
3.33
1.77
0.86
609
14850
497
1336
481
0.59
220
2.35
866
1.02
1250
177859
324
1.28
1188
0.58
0.92
5590
1444
782
92036
2.37
734483
316
1.81
0.74
87122
197470
-61
741
512
777
-765
4.34
1006
499800
0.75
2.09
190762
1167
223231
125
1106
679
40
70983
369072
126
53383
80560
1600
0.97
1.47
523
1215
-784
253
142373
-152
-230
-23
774
35445
282
145002
1311
187891
44352
185
0.99
1.23
145275
-181
2.1
1817
508
195525
221
0.18
-88
140
174
505
148
523
-234
-229
1003
524239
4.22
11375
74
270504
-355
6.14
32040
18415
426426
168
1179
39
88695
1.24
7824
118
269
69560
90534
0.43
468
165
1409
-486
0.81
397404
1806
3.15
9.56
1.61
213036
-539
0.1
224030
0.69
-152
804
559248
982
-112
0.21
-377
837
30970
1796
120258
1707
965
196
549820
0.67
316619
0.11
313
807
989
0.13
1.4
320812
1476
-137
46786
233160
5782
1.17
183680
117078
160
459360
910
1498
6.25
0.75
49128
-194
1535
856000
45500
16354
1.26
184646
0.65
1276
237314
156891
1.02
284
74
1354
0.2
580
-477
22172
0.03
0.16
695928
397
0.76
75240
0.48
84
866
0.86
656837
1.41
842
183008
0.07
-381
-146
-86
1334
-536
-170
626
355
0.77
758400
241280
-76
0.93
1047
1760
1253
1425
2.12
72
977
97431
539904
1.57
47672
103
1518
-558
5.13
-663
112428
41910
693
305
1.64
-345
742
-360
0.24
1383
43870
510393
877
-522
0.22
270270
147
-248
12.52
0.01
314433
1.29
267
1332
1122
336034
57
1222
602
313200
-481
0.08
3210
500332
-435
393
255270
130
371622
1.76
649284
204048
491
25
942
315464
-311
1074
866
346
27.33
159210
0.8
0.87
177160
598920
1800
1675
398650
-9
0.08
1211
1.23
238
68850
0.24
0.79
267
-112
-480
-347
227700
331
503
465192
42300
44464
1229
415
-51
0.13
5334
-60
794
117537
178
1181
1188
792
-259
0.7
5.52
690384
135664
0.88
557
-529
26697
286
104554
2.45
194370
744
707336
214288
-779
0.27
41245
0.27
474950
0.11
139440
0.69
1.8
1.43
0.67
2.97
733
452
0.87
1335
610848
137229
1186
-99
528
-256
52547
1216
18
-789
-63
302
30385
1192
7.87
2.92
658
305
601657
243
700
-291
1651
860
-283
1.35
599
1.41
1046
8.64
725
344
1031
607
0.67
179694
0.67
76680
70855
539342
843
-186
544
4.43
546612
0.31
61
152709
829
307020
159467
1423
-919
1121
1723
849
1115
40
283475
0.73
347400
8704
473
1150
-79
96
66
442586
-12
1.76
158046
8928
1135
0.56
1135
665
1443
-173
85086
1010
9.44
45942
346
130944
-77
501028
358045
668
-181
90240
10.46
670
778
250
1185
-102
0.37
2.26
762237
222229
-125
-507
286209
404976
4.92
0.94
0.13
551
994
147504
228
-974
182091
766
1308
797
533856
1147
-591
368
-337
689
808
0.38
20.62
-4
-45
1.51
669
2.0
205
555
69250
25133
706
1.96
0.99
478
1.37
1407
63618
48
14819
156563
1602
-587
-119
28732
-498
1784
1619
16.53
6.25
220500
263
154
1239
119970
524849
-315
807
1598
1504
449805
0.18
-165
-38
618
68
12337
871
87
0.47
1.09
758408
609
0.51
12312
222
964
647634
0.11
43359
-980
17653
-826
-234
1218
52056
0.82
129
0.0
86850
-4
1338
658
-254
-199
292811
0.36
623
162525
-258
-72
13160
522
2376
2.15
602
-164
300670
593
3.71
1171
-627
1067
374
579
1310
1529
1.11
965
1.06
4.15
714210
0.15
-193
0.46
15084
273498
0.1
0.95
970
954
50
1236
1.8
527
2.4
49178
-195
83766
393813
-526
105264
221
920
1699
0.37
324264
3.27
1.3
40600
1.25
421
3.09
92344
318750
447681
1226
234619
375
46256
1433
0.12
2.55
6.46
179190
13.8
1288
292
543417
-88
603680
3.49
121776
-161
-113
189
939
-50
2.43
-411
50
1298
0.77
264378
730
519684
236
1048
564
1042
343332
-217
1395
978
152460
1154
2.5
599.0
4.65
289112
64480
128060
160
-850
1176
903
1065
-564
435232
133962
1361
1191
-372
149422
2.38
252015
-26
-446
1.24
3.1
3.39
-506
144384
1533
1597
3.01
0.04
1.24
1.45
-47
996
781336
208384
-162
0.05
-902
-885
138284
335262
-486
821
370599
1444
251245
465123
146
674
0.32
-69
6.39
0.77
692850
1727
303
356
645
-285
108876
624240
279300
183150
479700
396359
318
2376
1.18
0.48
0.76
170505
484702
-227
0.5
1651
1.08
310596
989
-827
144
693
628
0.62
145236
27360
1752
254979
677
154128
725220
888
1.61
14276
212
290
34700
572
917
861
560287
-159
339
229
910
-122
-110
1313
1276
1.78
1434
748
653
0.28
530683
0.73
478632
655
47580
0.04
613
108
87016
203
384
0.42
165
1142
1581
953
1.17
55506
222
0.47
-66
364
510
720
813
1.71
28028
102368
978
-666
-373
461916
0.76
0.84
430521
392
229
151086
1810
819
721
0.99
1690
405
917
1.54
7488
1362
105300
449
728
563
1709
1115
-534
954
715
-72
693
1225
160075
425
1052
-33
0.13
0.03
1266
153912
0.36
-40
308822
151962
2.6
0.68
432
665
608
605
-197
42160
-312
-212
1.05
0.9
502500
1544
1495
3.12
1.43
0.65
315748
6.77
-202
2.08
0.42
793
0.33
707160
2.4
1393
408
0.09
473856
486
1.54
247
660
666
432
815
212576
-220
1259
16.0
3.82
0.71
56940
287310
-781
1707
1.9
-399
1390
683
4.18
0.62
324
849
221094
-391
-468
-207
849
231816
0.44
1.67
513
2.72
0.33
526
0.77
491355
89148
256
943
-588
916
664
0.6
1397
84315
1421
1.56
0.72
410844
1.52
7548
59340
1523
1.15
3.42
66815
13771
232934
-527
3.51
296
0.94
74
0.46
121
0.26
760
590
130500
4928
299112
-761
1.35
723
0.45
123
672
251
126420
193596
832922
0.8
264258
-347
178600
0.89
0.84
415
160
-184
0.3
622
480
670
201
0.28
59475
1.74
107400
5452
-350
106264
522
1510
0.44
1.1
221078
-8
271
7.35
91840
1.14
0.96
12077
521
408
1731
455962
638
414
1321
-30
-43
10044
481
1377
0.41
0.93
-135
325198
-144
420786
-209
643
2.11
225
2.45
0.61
219
-810
0.08
1.07
1688
1557
-425
30929
24
2.32
1.17
0.54
565
201
1395
412
330
7.28
123384
1040
3.34
745
0.48
905
118125
362444
0.41
1336
1090
1496
0.58
223
306
0.65
1.58
3726
76769
1658
575051
0.03
4.4
473
1061
0.69
88380
1.79
1.18
260
1323
4.69
1021
1691
137863
-177
154504
1242
1247
723
-110
-69
316334
-187
330876
1.18
576
1.89
332
645
0.69
-536
753
1.06
318556
1.49
3030
733
591
396114
262
886
295
605
1.13
3.96
164
471696
-165
635
137048
101480
1230
1.05
378924
7344
70668
1167
454
807
1140
832273
-878
1.56
0.05
114608
7169
0.99
-117
221886
542
75
46124
1381
-230
31042
0.27
97867
0.78
1.53
13050
970
-624
317
93
821
0.86
260634
-265
35979
71552
274
1.43
1423
402
1.56
930
249222
-99
-141
0.0
1411
1.41
0.33
1028
0.27
1713
0.94
279
0.5
127605
73075
884
184144
15
85
197700
1275
-497
822360
737477
0.38
-574
0.91
-4
772
125
0.75
996
37296
1.47
156392
98
55
59760
1.13
0.76
203896
326
948
1389
507
1.21
1798
430200
3.29
491520
669688
72201
722798
307
702723
-308
1037
289196
310739
155
0.5
0.17
1475
127449
5.94
1298
0.89
99002
1.23
-72
611100
-122
1531
0.03
612
-309
-20
-45
361
-858
329
768852
348466
150
6.65
356
655
552024
298
588
1447
1035
151329
121004
-419
0.49
50806
1426
-526
0
137562
777
809
338575
0.13
-284
0.25
839
1.03
1080
140967
0.19
11.93
0.79
1044
0.8
423
1304
0.16
-535
3.11
731
411432
831
0.21
850
514608
1.09
0.65
39
0.52
1.15
406
1.09
1.2
491
324020
11798
5.94
12.5
1.74
595
-571
836
276169
-184
58298
-265
-179
414
12136
1642
-124
4.98
459
630
2.23
1000
813
21714
1215
343980
33
289
969
3.94
809
137082
-617
235694
-333
-1
492
137
3.7
2583
390
129579
954
300800
1027
1814
750
0.26
283
170008
-50
1562
335836
51150
21
177
1228
-787
1267
0.15
0.98
1.04
326275
0.35
2.41
1262
649543
1.85
312000
623
0.85
1198
4928
369000
0.77
-28
554760
549
1385
56100
839
0.27
1.19
352
51
197870
2.33
280120
630828
1791
742
4.77
-151
12282
-115
139
-771
-284
129270
0.96
700336
0.53
551
-409
1577
288
18962
571
257180
110980
0.16
415
1380
403
1.3
0.57
26
618976
1.09
-615
1198
214592
1052
2.71
31458
439
1015
1063
678680
0.08
5.63
234990
101
490
0.43
699
43
1.01
-715
292
625
260
0.4
904
118932
504832
747652
1756
-279
793810
4.6
1.97
2.2
620574
620
972
64233
-409
0.58
520
3.95
436160
1848
162
803088
590
0.5
-640
260775
591
1635
0.99
1389
0.31
4392
493
968
211
470
1.08
605
797
0.32
-712
1279
-19
694
3
0.46
329
1320
1680
3.15
542
4.46
1326
30402
356900
-307
1146
0.68
0.56
125904
3.7
1399
62775
712
465
470830
57
1958
16.0
1306
0.06
334330
316855
200736
1.73
121278
954
-380
27004
-50
-94
50816
1358
3.25
0.34
125
1232
5625
656810
215760
0.16
-672
363432
35532
8.15
339
1024
-4
1.31
1.61
333925
-525
40508
-257
1119
669176
2.84
0.65
465234
455
-142
-67
608
129
-236
988
-666
-133
2.01
271700
1.58
244
-131
32487
162900
238288
0.95
0.14
-268
271930
0.77
1.11
2.03
303660
1593
19.15
1.54
1.37
6.39
1204
351
0.89
1.34
2.91
651672
193998
404
58080
0.05
0.88
454
71325
1220
323648
-757
724
212895
122715
0.52
1.39
0.63
1069
0.07
190635
0.33
648
0.36
-159
535
521304
45612
145167
3.09
212647
3
0.02
312055
1371
1.86
644
107712
0.46
781
136
37590
1662
1110
323
-18
426408
191
0.31
1395
112893
310500
3.99
314916
237956
545
1534
0.43
11
112788
1.04
464178
0.05
774
653130
0.35
1.49
-555
61
1605
1190
0.26
313
257
982
438750
-468
1.26
1109
807
0.35
0.82
61
182823
1213
129
976
1159
1.64
145350
6213
4.11
-645
-760
1.27
0.53
610
289016
453
-3
1.02
633820
0.54
260
435704
-629
0.29
82
1085
87980
-527
696
6468
1703
338778
1.14
1183
93060
0.59
0.14
269500
90
0.92
10374
1349
259
311520
1337
1404
0.05
809
2
254282
1.37
336396
1.1
535
348480
1475
1362
-802
1169
1131
736684
238
887
699
343
327028
795
162192
177568
-301
1074
448
964
1.54
134
1005
40638
261225
68.55
18864
633
308
167
1125
261545
1.02
371
122
0.41
341044
649
-283
294450
715
1.47
4.69
-444
952
-72
245
344655
1537
0.47
926
1157
900
685
321480
0.4
139360
7.84
1352
16.74
486
0.51
-352
335232
127092
1419
516
1078
417
821340
1230
410176
1550
30
1.15
238340
1.36
0.19
11397
722672
0.69
4.53
8375
624
471096
933000
62001
425088
-631
3.09
-147
0.79
907
1093
860922
598192
351
64225
-563
335844
206492
-172
-443
911
851
-50
58936
1495
545600
639
424
531986
242
1557
-370
883
521424
3.1
1006
0.61
1001
0.61
72
199650
3.48
0.91
858
-745
207
2.09
-88
1418
66528
0.82
609600
120640
-46
317
769
3.76
0.56
29
697598
1.44
322
180327
11.58
881
351
423
-812
193
102985
-800
136535
709020
182
-257
0.51
20.89
75
172112
1556
93240
-75
54
1054
78760
458
-739
0.19
106552
-427
1.4
431025
267320
-840
-90
88201
919
558
1034
0.45
-15
1230
1328
110307
709
1127
726
16
70364
504339
8.04
0.64
512
0.99
24531
420
0.93
883
1427
1052
143354
847
-400
1184
56000
-497
0.98
184
87220
1346
133480
482
536
966
800800
0.19
0.33
1006
96.12
1526
4.65
493
-144
1059
1511
1070
2.98
382374
1751
0.48
92368
-25
0.96
31275
0.13
37418
80104
3965
445408
240160
1245
759
708
175
609063
676
1501
106
1855
631
838
254
2.3
377718
-409
600250
0.03
973
1.02
748
1130
620858
-539
160.5
-153
154714
1.08
227005
0.03
166162
5.84
42681
-569
4.15
1.73
336336
178480
203200
-638
3.87
275400
1233
1812
0.6
2.61
0.14
1316
-715
0.3
304326
1003
1124
898
801
1.34
36330
105672
814
27798
1.03
-693
919
9.47
0.9
460
702026
1485
56
1002
-32
124279
439
399475
-165
0.6
1.4
589050
0.12
812
-123
-364
229
0.57
214731
40870
1597
1320
2.68
354552
-77
1.48
7279
199784
0.18
2.23
346
7584
12.58
0.04
0.76
583
454
697
2
438
32400
373
24157
-346
0.37
546546
-143
1.14
1492
65024
1774
411
0.93
1.26
217710
1790
367350
313170
-478
78
406
1384
477
0.62
0.33
295542
0.62
162
57291
-545
1487
1102
4.23
0.24
1.43
331
-47
1176
957
2.81
305625
-65
-409
10
0.23
392
222562
336
-734
2.7
581
0.26
634
109368
60606
91800
1.26
365
199
1375
1620
1572
1666
-630
1.33
1.72
300860
476847
779
-630
1.03
540330
2112
704
210152
565
6.65
172608
42624
781960
-422
100980
762
1941
1.13
964
-429
0.14
873
483081
591
629
1423
107604
386
1.01
452790
-487
1601
96621
842
389088
656
368007
1.15
-152
478
477
16.7
0.52
0.93
320.5
1191
-532
9559
33660
0.27
178589
154044
101388
610
935
366068
533
1844
-561
1239
237747
693
497
1374
534480
215109
3.93
1221
881751
0.95
176
1.05
75
0.33
0.31
-290
765
-661
-144
3.23
68400
1492
1438
488
195993
1367
-830
0.54
6.42
-662
494838
1083
-151
1138
-148
460
1336
1.48
-395
0.19
1639
718
-333
872
-635
329517
2.78
81
246
20720
130144
0.37
-110
-263
1573
160
285840
737264
794200
1018
0.08
1.32
0.51
56
0.09
7.68
315
215558
1.18
78114
1737
237010
371
0.12
0.86
13.03
-687
-616
3.11
3.14
0.3
2.43
365736
557856
-275
45522
0.47
2.67
734
-737
362
6.1
0.05
44
531
1477
-257
10.2
434
124265
1746
127140
286440
0.66
1.07
-333
0.09
135926
250941
2.08
1499
0.17
317
0.73
0.32
153436
34719
167232
274
620
-168
406
1.07
858
887
1021
289
-152
1.86
1211
1.72
162162
1793
518925
1453
1285
1264
62400
2.48
761
849
126
320
0.78
0.02
982
1082
0.07
14688
1.44
22561
-51
1019
0.51
516555
154128
28
471
223689
0.36
12832
-675
0.2
580
1.05
1081
476
264957
723
449
0.95
-598
570840
554
1178
7.5
331540
0.69
1267
902
277290
1411
191
589
100905
1069
0.3
582
392
-226
401
621
1072
0.99
110
-60
-87
1461
-320
390589
1805
1566
114318
1635
237
0.82
1.15
1958
1134
929
1268
1543
59.54
387904
540650
103752
758
142464
147744
0.93
1011
0.31
148962
557
611
1.09
377
693
1605
202825
-568
401
-350
200
0.32
1219
98484
200568
370566
1079
212
404
1773
1.35
124017
-51
269
-260
903
-250
154
564
225
-476
243
148
120688
694
1490
47640
73
-793
95280
0.5
0.34
6.95
48777
1530
156647
5214
663
29160
337
485
-176
292
149
975
0.36
313
817452
1292
1.4
-140
1754
46
0.49
5580
468
103
-37
1.65
994
1008
716
993
27348
-397
807
115843
380
867
-49
42
0.99
413422
281008
220568
368
432
298
-203
1236
3.52
282699
1.69
-23
3975
66300
481928
21
474
475
361
1218
3336
936
122
730
86994
344
526176
98
1665
1146
551
172
846
363310
-58
513
949
0.04
0.71
0.32
67528
1.14
293661
1728
227
0.52
1733
-321
-709
0.82
44
0.23
1090
812727
1.41
77312
0.43
629
-870
204877
-713
84660
749
211344
2.53
158848
1898
602
1.8
1.88
54
1472
26862
486472
967
0.62
833
1296
181071
135090
37
780
1.72
3164
661
0.32
-198
1.47
453224
1098
649
-656
665
0.67
100495
1.15
1214
0.59
126984
966
414502
0.55
0.37
3.29
1.22
1324
13160
1677
0.69
1000
1.76
4.49
0.41
1064
4.48
2.85
532
12900
3900
1057
652
961
1288
1080
1336
-495
1522
653
-16
2.26
1838
541008
-129
97500
0.98
468160
566244
358020
639610
121
1611
-71
1251
0.13
-432
1062
21168
6.69
0.97
-66
266
0.12
0.16
154
1205
1.9
1.26
0.05
-468
329
1688
404
-107
1.07
1.55
-63
1471
793969
0.26
106425
2.77
261964
1961
-356
733
945
1116
-379
872
4.32
163392
305312
934
205301
410
5.18
31524
2.23
-226
110372
160400
638
226642
737
256366
286
14196
0.49
0.79
104
-932
0.49
251
1146
1178
1605
3.02
-371
670
1.51
15689
0.69
2.27
0.8
2922
19734
-152
-722
1054
-363
0.32
0.28
400
1145
204043
1599
1.32
1127
203
399
509
436
-826
27864
-222
1161
776
187
0.23
0.72
1403
526064
405
291
1501
256619
-608
71190
756
0.56
1400
1631
-710
80276
14382
-422
2.53
388
3904
0.94
1316
517
-669
0.92
168345
774
800
832
446775
0.55
42504
5.29
809996
187000
166
-232
1896
161027
0.36
1.5
206611
0.69
723
87
13.45
485
1.08
1654
37
-393
396328
168.75
58468
-183
136994
1337
1210
601
-507
-498
919
1267
0.55
462
0.94
-485
415200
815007
1.55
2.05
1309
-236
1.88
1242
306506
-337
411
147825
381138
80
474136
-16
371964
-272
1.81
719975
52761
2.18
274
679
-61
22172
177
30932
0.65
97
1348
187060
0.69
11880
1.06
1425
11218
1561
77087
1531
-262
163155
256
45333
213666
-507
224
-553
9246
562
143705
611328
160395
973
1.32
-128
1407
1509
33124
318
-365
1506
90364
154017
1025
-522
0.11
562744
656
51156
451
633
15904
1.18
1037
383
0.87
263025
0.93
0.61
59860
213
1148
100800
984
16750
75000
6.04
-106
1241
-724
-751
1012
983
556140
1793
3.17
1.74
-843
12
1525
-830
642
1474
22869
36660
759
729656
557888
510
0.02
336
0.12
50552
162908
300
1547
0.98
1287
305
606
15990
-273
0.55
1824
-486
226931
485
430560
0.96
819155
-582
870
1.57
0.92
120171
2.09
0.22
-636
-351
0.49
494016
1321
1.05
0.47
0.17
0.25
3.71
13317
859
1.37
1010
1025
1.32
0.86
-260
1527
81209
733236
332481
-320
1567
54528
478
417
943
1.02
65790
12.1
574
292
935
159744
528915
114426
273132
27972
-236
8.78
2.08
187854
4.7
581595
351
338
210940
-283
528080
1768
748
139008
1809
1.58
-271
207
49
-50
699141
799
0.96
362
1537
0.04
-361
1104
1495
236854
2.01
0.23
-267
-774
685906
1.19
745
439200
170385
469
-795
30030
0.68
47278
0.34
136246
-36
0.65
5329
-50
1.94
280
324800
533
3.56
163894
588
1.02
1278
0.97
1510
715912
10.54
-605
-239
705
-379
87024
1.47
604
560898
1.84
0.01
271469
0.06
-524
1.0
-96
252850
1960
4.9
0.54
5.76
2.33
152904
0.74
1.84
1595
456435
339
-45
1.21
0.36
-269
-473
0.78
335472
249210
132978
4.85
0.37
484614
1225
138327
404
195536
480
821
1.3
559
584752
0.4
1009
1030
814
1.22
0.8
0.02
-5
1205
0.92
-551
627064
5358
45325
476
2450
754920
163
52
0.13
602
50
497
788060
33075
-577
0.73
722
1049
1179
0.37
-490
117125
396
282
179949
1216
1211
0.17
1805
82908
96889
14542
116622
-447
874
447561
1.52
1762
519
-469
934
1.78
2.53
369
1.13
796
0.13
1400
1720
390
0.2
0.94
1468
244315
-385
342
1.58
0.6
14790
209
1190
447615
108045
716976
0.12
1492
76
0.06
666
399040
1.9
4.02
239913
450904
400085
1.12
557934
374
135
699
221904
155342
147225
-645
4.08
-721
-283
0.83
976
797
90514
232
0.93
57
798
1.91
632
127
2.74
1603
-365
497
834
100
388
-126
0.74
3.78
258390
172
1117
92
664884
1219
0.8
2.56
2.19
526656
626
-497
1.71
480
265872
7.51
126848
-174
-319
697
1200
1.29
499
1502
0.11
-55
2.18
553
57
-286
510024
98010
1.23
109956
499074
821
994
119071
297196
907
0.17
368396
0.17
11564
823
0.13
12614
1603
539220
0.71
1.29
-85
530008
1476
210535
2.24
20803
763
399
-265
283340
218638
0.78
-545
743820
-160
1375
584058
10.71
0.49
1.62
1515
1.15
822
852551
850
3.17
492724
1188
0.93
-631
523
1623
813
0.87
0.92
1061
329
2.51
41676
0.57
1010
-151
0.8
79913
1082
-527
263796
467
1.03
476252
-121
0.64
1.3
346
73472
93590
1511
1.01
1490
-770
1777
2.79
0.32
4.33
5.2
589
187677
-54
-259
674304
120521
6.73
576895
-84
1225
-650
1136
410
-103
268
2.49
0.51
1166
1.83
2.61
4.25
755
1442
942
486
154560
525
0.56
943
-769
1655
1.56
1009
0.13
1.16
1232
66
992
1.27
1195
813
-149
926
738
1125
446
526918
376690
-148
1372
205905
651168
0.54
127
207
1116
0.38
132635
0.48
-131
-146
-389
1641
851
674
137780
1.14
170
183744
1957
253968
110
3605
3.02
0.07
30870
1.4
186615
945
765400
3.08
-240
-156
0.02
-2
1012
-329
-146
399330
0.94
217620
650
96439
0.4
-690
0.75
-378
1298
878121
0.63
-377
0.52
152
648
346
0.13
577929
79
0.77
437
1.17
138908
1.02
415870
1358
208236
2.44
1229
2.5
1169
160264
536
0.81
401
1.5
4.12
628
42
430
1329
263
0.15
1020
0.41
716
1342
514
1.61
-441
84632
504658
502150
377606
839243
0.4
-185
402749
205
500624
1.79
56672
335478
582
47795
-309
1.88
446
184140
1.5
359406
193053
11956
1200
48
0.66
0.08
1.5
0.27
1625
290880
104434
1232
944
694305
0.4
22
0.6
33
-235
0.46
33300
4.11
221
-53
279
332
915
1148
-908
856
1208
786324
-439
82076
77
845
-179
1099
1445
-758
329814
370
874
81
1.32
3322
164241
2.08
939
1169
505
1535
1019
29406
247
0.66
7.35
-132
145152
126873
-622
1719
639
240
248
56615
0.06
616
4.67
1005
1771
440
-466
372
3.66
1.39
114
65
-116
-492
84
187884
593
140
428500
-351
1219
1133
1296
-158
203229
-281
500526
295
1240
-195
5.49
0.14
460
219785
1.46
0.64
1319
798
46870
1.77
487
340930
-170
443
1734
1.34
4998
195600
0.58
224
-810
757
45344
419
-109
991
0.05
169
766
233
1095
-364
0.96
378
-239
536
579
1351
80955
606390
-371
0.09
219
933
1809
554
1378
242767
523906
0.37
8437
748
573
732
-697
55
-176
848
589
0.89
1748
1.47
150165
575
786
1267
68950
144
0.9
406900
1318
290
36784
405
-310
1741
0.89
0.74
3.47
1.21
7.4
0.01
277482
1752
1230
853
0.16
0.76
-89
0.39
0.21
3.88
1443
1226
1863
0.76
1.05
0.8
-82
906134
666
78078
621904
801
947
0.93
0.25
1734
580566
1.02
5994
204952
-114
722540
1579
419
-355
454200
591
48
-412
-573
2.4
90
675
1.16
28500
1.1
78
4.56
-59
11
1007
879376
-347
2.13
1.34
3.89
-56
268065
311
2.57
-263
0.38
0.9
82016
-234
220274
1.36
458934
323
2.54
101473
2.39
814
1.63
156519
402144
-37
2.7
56.08
216
76590
5.61
211560
550
1066
1789
21984
592
461
0.32
154905
82491
1.35
633
461760
235872
5.63
-33
0.96
-291
47.21
0.27
592
541
-107
819774
0.2
1682
375820
1.22
0.12
5.59
46
-437
37886
425
6.82
-766
942
186420
-423
0.33
0.66
485736
1759
643
-230
164
784
-299
-314
0.06
3.62
340316
2.25
842
681
243
64515
990
1.43
1556
1582
171
784
331
0.91
5786
1400
3.83
968
0.94
-407
129600
924
-400
811
-738
1.13
69
22230
1.43
0.1
-699
1582
410
0.73
65880
-609
-217
1.31
-333
-73
489982
104622
1360
109272
3.46
-26
1073
206664
66402
1352
2.15
8.28
701
499
1035
1400
0.11
1092
898
0.29
300028
1024
1348
900
963
785
-290
212
995
0.88
580
923
424029
796
41439
997
-504
1.62
143819
103428
1897
1.24
770122
8.5
940
252
248
0.58
1271
112347
1813
464994
-376
0.96
261
0.76
0.53
6.18
1.4
1178
599
24338
125580
754
27
973
-664
1.77
929
5.49
-455
38544
1.12
-708
0.03
791
1.43
1657
363
993
18.7
421
162048
33720
-295
0.52
993
156
1328
0.46
466
1343
339920
3.2
-73
1314
0.43
247164
176588
83538
1.19
112140
1951
302
1.43
0.76
-196
453215
853
26544
482976
1549
0.74
195
238
313225
-192
613
949
0.01
305435
855428
0.47
772
1955
74329
1156
784
2810
743
466
512530
-297
35720
1640
7.62
-377
1.03
0.76
234684
0.72
340022
1372
16832
77
52780
372
-227
-211
-105
386441
-262
586011
456593
676
15456
0.95
27
-658
764
0.06
306878
0.55
57270
3.23
-256
0.8
185
58164
88872
-964
2.04
-2
-300
1351
787290
234
1826
-119
338
686
70219
-755
0.33
-112
143
1351
1.24
782
1.13
1.0
900
196625
-149
1306
-107
0.36
437382
238185
2.0
77996
80724
1.32
1937
0.86
-483
1210
0.78
0.04
1085
-149
-25
398430
840
546
109
-3
-32
132
155335
882
536
716
1.86
0.11
455
0.67
1097
462715
1597
0.77
777600
103240
547
38.38
-125
185814
1568
-668
1039
998
176640
396
334
157
3.01
0.08
665
-334
1.07
177152
465836
1267
397720
11837
0.69
607600
880762
186042
9
931
406362
1.18
1160
23622
965
285032
45850
0.16
986
123012
188238
9053
447
1505
179832
496
144.0
600
5724
3.66
1186
124030
58644
-213
273
1548
400
1006
0.83
1350
334648
2.21
11064
0.19
688128
21.97
1467
623
856728
253
73
3.76
0.99
0.64
1703
0.49
114
-574
44
-259
97524
1.05
562464
415936
972
-556
846
73521
1.46
0.89
251
655
41650
18.86
1162
910
311080
-530
-119
1037
53682
-161
-273
390720
1.12
-588
1130
180
1389
-440
1.35
0.18
-97
-496
1304
129
-598
804
1146
0.14
-589
25
52598
197
655
6.41
187624
0.68
-587
704
1033
188178
-77
0.01
1905
393
1075
605
1261
1.61
9516
1225
3.14
-296
0.28
825630
0.79
-98
660510
84
107
259
389098
0.37
-806
1.15
0.84
47
0.69
0.16
814
57
292
177
338624
541728
63
349
10323
819
343
767
12364
35632
-293
811800
0.02
30.95
698
1.16
897
585
30
55
316
126
-503
0.09
-233
119944
1174
284
1
0.8
579018
0.96
161700
3.15
215046
364798
0.22
368524
-295
69430
0.5
4.47
863
500
0.24
47955
0.99
-83
0.5
0.36
-199
-26
116
872
725
5067
0.55
1488
647
94990
983
0.43
396
1056
0.06
1371
-16
15.02
185
1155
1.1
-198
1.26
1151
1.36
-49
0.26
18330
701
351
618
0.37
51888
351708
13076
400464
957
-416
1770
427042
582
508305
291
1142
23.3
111012
0.53
143150
1481
736
-532
0.23
2.39
812
0.08
1359
0.47
0.54
1.05
30294
95
-356
1.7
0.6
-248
-211
1095
815
832
170601
287419
538208
0.33
1125
-796
8.19
89775
479
9674
7579
298
0.63
218120
-365
937
1302
72105
-474
2.84
421250
623
-75
-27
586
65
3.11
168
1584
834
113574
595
270882
958
223
0.81
838
129
740
1.47
461
56231
-19
-677
959
419
1677
1499
-83
0.55
620
298452
1402
1.18
1.78
52
3.32
0.3
89
1.35
2.87
275
423522
0.23
154318
427
1234
843
163676
1424
-102
363
282
122624
0.09
1.78
190005
0.54
1.29
1289
0.45
1.01
2471
1494
938
960
235
343
593
23
205
56
171
0.34
1221
754
5.77
363398
669
1.65
1.74
937
-260
14
144886
-554
3672
118
48363
1575
523
901
205965
1.57
666
0.22
-239
733
165.67
-591
36
1.08
5
-628
481
14
-357
878
10.74
62379
152928
-314
0.42
596
4.72
426425
399
104676
1.09
80
1378
1305
82
229362
527774
1.35
762
43200
3.13
106
353615
28
2.14
-114
112
122944
914
1530
837
-517
1095
0.51
405
118
220968
0.38
476763
-296
1059
-83
737
1.77
808976
649
0.42
0.53
-207
702
1.44
1248
65709
1784
0.13
638
0.41
1.35
25701
-853
258
1.35
-318
14213
330012
1.36
1335
0.91
1236
-592
645
793
3.81
1547
576640
499434
5.27
586302
38.48
0.52
955
7678
962
1227
1.54
700
1570
127107
1.03
75
194456
1572
0.62
1150
802287
-290
-29
570
0.38
9.21
0.47
528066
36
6520
892
388
0.15
0.47
519
1.52
0.22
-285
-74
41322
0.63
14260
144
0.4
641
1.68
23400
301
-685
207575
51
257632
35772
1.87
664608
0.5
660
1758
1851
361
575100
72
237006
0.67
1.59
752
116
479
1.84
1203
356
123
50
117360
0.83
28
-284
126
0.6
1.72
13065
1022
1164
576000
1.19
135
310464
3130
-27
124108
471
249402
-470
950
142
259
3.61
536
-155
347304
0.05
43540
7290
17264
346032
-270
106133
-588
156615
0.35
2.72
721
-613
218899
119006
0.15
504
403
-121
1664
44
171
1574
5
0.84
286
7030
107172
653
1944
17
0.13
615
18358
568
512
414170
4.29
64
152640
516
452200
-469
422
33594
-324
0.68
1.12
630648
168413
332
807
0.77
0.04
2.56
39.27
1505
4.31
15041
7.35
0.12
6.5
6.21
73629
438020
319
276
370059
16
1126
574
470668
1.31
-282
0.99
-547
0.32
1129
355
2.63
3.62
765
102428
261
1015
0.26
265880
94039
10431
2.33
160615
1.0
-304
0.56
219
1.29
374
815
0.77
-125
1034
67799
242520
1635
309581
0.82
843
1224
0.44
549
257634
1052
525
518880
0.35
169632
536
620672
0.1
-321
3.73
700
288297
780
0.21
561
0.37
266
-812
751725
1246
-254
65658
0.89
0.92
0.67
342108
79430
100
1.12
685
468
0.56
1322
5.74
-18
35
773948
1062
0.43
980
1.03
-366
0.82
203840
-230
-627
1.14
3.46
471
-81
557
714
360036
45902
573895
539
1.09
29
1805
1.44
-641
571
110616
1351
1.39
8820
1717
39564
574
289445
1522
1026
595
890
1207
470925
-73
614990
0.49
5434
48650
177747
725279
0.03
1.39
-698
270674
600
252476
3.59
1.21
0.17
6771
722
0.83
646
1.3
158
1215
233430
1.36
343076
-64
1581
992
1.67
169
0.35
571
875
1209
7936
74008
265920
-546
250206
1158
854
524
1132
209
346
995
-305
1086
108800
65844
3450
202496
553109
0.02
375
42920
154560
1.09
49322
0.13
475
96
1852
153
1003
127528
305
1907
13104
5.42
1804
0.61
973
366
0.86
546
1.26
601380
0.72
19328
969
172
555
702
0.66
22400
561
1.15
265392
-153
353
141614
-385
634
86769
0.88
693
175168
312
67
1.67
750442
381
210
980
3
422
-427
1850
150
-126
149
521
0.46
1.77
-270
-74
112815
220
685
-664
0.4
-83
47619
275280
1.17
796
1466
-677
5.61
509
1.83
40404
108
882
457737
52649
28428
116865
0.92
246960
-287
-143
1.88
1664
-686
578716
30069
0.43
34450
3.2
1418
0.69
83334
1237
332678
77
7600
177
-363
164
37400
-397
1.4
0.06
70433
0.65
2.4
-40
177
101616
475
2.74
985
285
663
0.31
27720
0.1
14
0.16
683
692648
864
147376
104992
101065
447600
91500
1809
1567
366
986
-84
402
561
1428
300
88391
719082
466
-25
0.27
4480
0.05
4.06
315
216.67
0.72
254065
173
1518
25872
0.71
1445
-405
326
763
0.62
216
756
0.98
1788
-468
153300
-98
-30
1211
0.75
1829
283
1.28
565
202
7590
1075
520524
21791
1.41
0.55
-464
293
70090
108900
560714
1524
1138
0.09
626
1.02
36
891
43710
544
844016
1395
34
-461
1728
23.48
986
-71
145928
943
4005
1278
1063
1246
300941
-107
-221
3.01
362560
2.18
1.25
-498
274160
239976
926
-211
-85
940
0.39
-50
0.06
533610
296
527027
112280
372
223790
221625
-19
96512
0.92
1040
1642
1.15
4.41
6.7
14.49
0.03
630
-2
20335
118007
0.26
195
-104
0.86
440076
0.92
0.57
606
238000
86710
1.21
936056
0.7
0.14
1118
-836
18360
379176
2.66
1663
1506
130356
723044
268996
64684
6.72
390
125
256455
1.46
1124
0.65
1642
1190
1333
-78
0.06
1.06
82863
0.48
553446
561
151788
-156
576
0.79
0.14
-481
335
2.45
71
0.59
943
7.45
0.34
-257
1268
-90
348963
270
491
334
1.54
143
-805
918
200100
-382
1136
594041
481627
246751
-215
338257
358
163620
65160
549900
0.25
4.83
511
-681
1406
0.12
1.5
1385
2.25
285
239468
36335
219
1073
-496
308610
1.45
377725
316540
134946
433958
713
218
382808
277508
43659
1.35
-580
1122
1397
0.87
14269
333
719
570438
1.65
487565
0.13
181220
-102
300924
2.87
10
28896
568
857
67716
1132
0.09
58176
2.45
412
671
-261
290290
125247
780
276640
0.26
402592
-39
470105
-80
507033
1.16
944
-285
218.5
1620
22185
880
965
141778
88881
722
1329
816
1.02
919
87882
0.29
-280
824
0.47
1028
270
562
5.79
0.63
-78
204
188
0.75
-606
1191
-403
167
672290
866
380
922504
3724
483
207680
71
92411
1028
97461
826
382123
58926
2.53
1.11
-253
0.75
3.79
0.69
1.22
-595
46200
0.18
335
892
1159
-161
863730
1682
-338
1010
1.44
29820
55566
752
268
6
1134
370
69690
-811
0.83
687
3.28
481
877
291
1.03
0.28
1248
-140
5.4
160284
-76
27246
138774
116412
1.5
1.68
300
169092
1397
0.38
3.79
0.18
-809
589
-299
1649
1.19
1.15
98358
-224
263
0.16
1444
476840
739
124
154938
384993
120632
377
1550
0.29
523340
1.73
24960
0.95
4.51
0.78
146
1.4
72
35258
2.77
173774
4.21
1.38
102810
27
1142
-764
1082
349
-242
6027
0.01
2.31
160160
581
134387
1.97
472
619
258300
240295
1301
1071
42194
520352
-170
273
2.21
1148
1462
1588
2.03
857
1134
140
0.79
216
381
-608
0.67
1366
27376
-222
967
4.35
120
6.77
1808
686
5644
509
748
416
0.07
488281
233
301
184
1324
52546
321
10.71
0.41
776
118
637
-19
304266
645
-12
17
247755
-244
395312
918
1.05
76814
-47
10.56
489
1047
127270
35
1095
-13
2.7
37570
5.71
-312
704000
0.43
665280
0.16
80
165
1817
279
0.68
289476
220
268176
7.08
0.34
444
-215
840
4.0
37
13152
435160
0.16
0.81
0.29
1545
1548
848
34558
1159
1.26
1069
112700
1.34
953
1303
0.11
0.22
0.98
591595
4816
1009
245
322
572220
1850
553623
1625
3.09
1.13
0.44
-512
1.51
1210
1.59
0.67
228095
508710
683124
713
0.11
124043
191516
1.04
0.98
78000
1408
85561
438
88
1460
273
0.69
1448
1.15
881
-918
0.7
-84
-308
926
0.36
5.79
-82
172628
1265
2.22
-92
0.56
1.17
1004
6.25
1.05
785417
1.05
0.68
432
-53
0.6
174294
0.25
40052
0.01
0.29
0.75
0.23
861
1308
540
606
302500
64
0.64
-721
142
519546
3.2
474
0.19
275247
284592
-414
1.08
69996
0.72
0.28
702
829
156088
739
-235
162981
0.08
0.1
0.98
0.05
1395
1.67
3.1
122406
825
945726
605472
440160
0.95
-715
1.88
133
443392
-759
0.91
1478
1628
965
0.79
-277
1.24
1057
2.29
267
0.57
577
594
9945
232
-691
237
1877
1654
51480
104700
87714
-78
-364
Fin des Calculs :)
